time fixation s m RnumSeed nSamplesGot qGlobal q0 q1 clineWidth FST
100 0 2.000000E-02 5.000000E-02 737171431 1 4.766000E-01 4.570406E-01 4.963797E-01 2.541997E+01 1.550917E-03
200 0 2.000000E-02 5.000000E-02 737171431 2 4.947000E-01 4.449153E-01 5.436162E-01 1.013162E+01 9.742213E-03
300 0 2.000000E-02 5.000000E-02 737171431 3 5.196000E-01 4.807540E-01 5.590726E-01 1.276836E+01 6.142852E-03
400 0 2.000000E-02 5.000000E-02 737171431 4 4.917000E-01 4.550789E-01 5.274812E-01 1.381172E+01 5.242833E-03
500 0 2.000000E-02 5.000000E-02 737171431 5 5.249000E-01 4.934372E-01 5.548400E-01 1.628592E+01 3.777344E-03
600 0 2.000000E-02 5.000000E-02 737171431 6 5.484000E-01 5.293166E-01 5.670756E-01 2.648378E+01 1.439057E-03
700 0 2.000000E-02 5.000000E-02 737171431 7 4.877000E-01 4.426390E-01 5.347506E-01 1.085639E+01 8.485726E-03
800 0 2.000000E-02 5.000000E-02 737171431 8 4.954000E-01 4.596741E-01 5.298625E-01 1.424738E+01 4.925224E-03
900 0 2.000000E-02 5.000000E-02 737171431 9 4.682000E-01 4.182540E-01 5.189516E-01 9.930719E+00 1.018055E-02
1000 0 2.000000E-02 5.000000E-02 737171431 10 5.303000E-01 5.196675E-01 5.406472E-01 4.766508E+01 4.416893E-04
1100 0 2.000000E-02 5.000000E-02 737171431 11 6.451000E-01 5.995662E-01 6.919643E-01 1.082274E+01 9.320569E-03
1200 0 2.000000E-02 5.000000E-02 737171431 12 6.413000E-01 6.299435E-01 6.524584E-01 4.441510E+01 5.508742E-04
1300 0 2.000000E-02 5.000000E-02 737171431 13 6.007000E-01 5.812896E-01 6.205502E-01 2.547083E+01 1.606359E-03
1400 0 2.000000E-02 5.000000E-02 737171431 14 6.265000E-01 5.963615E-01 6.566627E-01 1.658342E+01 3.884904E-03
1500 0 2.000000E-02 5.000000E-02 737171431 15 6.777000E-01 6.762833E-01 6.791315E-01 3.511042E+02 9.284496E-06
1600 0 2.000000E-02 5.000000E-02 737171431 16 6.093000E-01 5.630269E-01 6.552411E-01 1.084431E+01 8.930088E-03
1700 0 2.000000E-02 5.000000E-02 737171431 17 5.829000E-01 5.713718E-01 5.945674E-01 4.311156E+01 5.532261E-04
1800 0 2.000000E-02 5.000000E-02 737171431 18 5.594000E-01 5.521705E-01 5.666935E-01 6.885629E+01 2.139328E-04
1900 0 2.000000E-02 5.000000E-02 737171431 19 5.377000E-01 5.183099E-01 5.568588E-01 2.594102E+01 1.494467E-03
2000 0 2.000000E-02 5.000000E-02 737171431 20 5.542000E-01 5.189135E-01 5.890656E-01 1.425474E+01 4.979657E-03
2100 0 2.000000E-02 5.000000E-02 737171431 21 5.671000E-01 5.366345E-01 5.971781E-01 1.651702E+01 3.732600E-03
2200 0 2.000000E-02 5.000000E-02 737171431 22 5.191000E-01 4.684294E-01 5.711679E-01 9.733447E+00 1.056867E-02
2300 0 2.000000E-02 5.000000E-02 737171431 23 5.551000E-01 5.293048E-01 5.803642E-01 1.958502E+01 2.638831E-03
2400 0 2.000000E-02 5.000000E-02 737171431 24 5.921000E-01 5.790000E-01 6.052000E-01 3.816794E+01 7.105487E-04
2500 0 2.000000E-02 5.000000E-02 737171431 25 5.464000E-01 5.190053E-01 5.732093E-01 1.844879E+01 2.963259E-03
2600 0 2.000000E-02 5.000000E-02 737171431 26 5.105000E-01 5.123703E-01 5.086207E-01 2.666936E+02 1.406578E-05
2700 0 2.000000E-02 5.000000E-02 737171431 27 5.015000E-01 4.726578E-01 5.300438E-01 1.742587E+01 3.293088E-03
2800 0 2.000000E-02 5.000000E-02 737171431 28 5.681000E-01 5.610568E-01 5.754601E-01 6.942819E+01 2.112760E-04
2900 0 2.000000E-02 5.000000E-02 737171431 29 5.322000E-01 5.115584E-01 5.529908E-01 2.413571E+01 1.723769E-03
3000 0 2.000000E-02 5.000000E-02 737171431 30 5.259000E-01 4.895708E-01 5.620263E-01 1.380157E+01 5.263887E-03
3100 0 2.000000E-02 5.000000E-02 737171431 31 4.901000E-01 4.578629E-01 5.218254E-01 1.563416E+01 4.092543E-03
3200 0 2.000000E-02 5.000000E-02 737171431 32 5.574000E-01 5.299728E-01 5.863842E-01 1.772690E+01 3.222295E-03
3300 0 2.000000E-02 5.000000E-02 737171431 33 5.362000E-01 5.110809E-01 5.628089E-01 1.933188E+01 2.687657E-03
3400 0 2.000000E-02 5.000000E-02 737171431 34 4.925000E-01 4.697269E-01 5.157703E-01 2.171865E+01 2.120222E-03
3500 0 2.000000E-02 5.000000E-02 737171431 35 4.890000E-01 4.689846E-01 5.095180E-01 2.467099E+01 1.643502E-03
3600 0 2.000000E-02 5.000000E-02 737171431 36 4.379000E-01 4.325080E-01 4.433093E-01 9.258138E+01 1.184958E-04
3700 0 2.000000E-02 5.000000E-02 737171431 37 5.665000E-01 5.341138E-01 5.982957E-01 1.558073E+01 4.193131E-03
3800 0 2.000000E-02 5.000000E-02 737171431 38 5.394000E-01 5.021791E-01 5.773425E-01 1.330435E+01 5.684314E-03
3900 0 2.000000E-02 5.000000E-02 737171431 39 5.636000E-01 5.361855E-01 5.910364E-01 1.823125E+01 3.058099E-03
4000 0 2.000000E-02 5.000000E-02 737171431 40 5.448000E-01 5.115907E-01 5.780624E-01 1.504399E+01 4.454246E-03
4100 0 2.000000E-02 5.000000E-02 737171431 41 6.391000E-01 6.313409E-01 6.471306E-01 6.333238E+01 2.701495E-04
4200 0 2.000000E-02 5.000000E-02 737171431 42 6.311000E-01 6.037659E-01 6.572155E-01 1.870921E+01 3.066173E-03
4300 0 2.000000E-02 5.000000E-02 737171431 43 6.815000E-01 6.613355E-01 7.016807E-01 2.478609E+01 1.874772E-03
4400 0 2.000000E-02 5.000000E-02 737171431 44 6.739000E-01 6.531176E-01 6.952555E-01 2.373162E+01 2.019569E-03
4500 0 2.000000E-02 5.000000E-02 737171431 45 6.795000E-01 6.558337E-01 7.027348E-01 2.132143E+01 2.524952E-03
4600 0 2.000000E-02 5.000000E-02 737171431 46 6.940000E-01 6.982584E-01 6.898459E-01 1.188708E+02 8.329939E-05
4700 0 2.000000E-02 5.000000E-02 737171431 47 5.859000E-01 5.368025E-01 6.360696E-01 1.007384E+01 1.015244E-02
4800 0 2.000000E-02 5.000000E-02 737171431 48 4.945000E-01 4.932136E-01 4.957916E-01 3.878960E+02 6.646915E-06
4900 0 2.000000E-02 5.000000E-02 737171431 49 4.503000E-01 4.315748E-01 4.693425E-01 2.647765E+01 1.440532E-03
5000 0 2.000000E-02 5.000000E-02 737171431 50 4.427000E-01 4.110103E-01 4.752636E-01 1.556340E+01 4.182658E-03
5100 0 2.000000E-02 5.000000E-02 737171431 51 4.937000E-01 4.782520E-01 5.086614E-01 3.288459E+01 9.246407E-04
5200 0 2.000000E-02 5.000000E-02 737171431 52 5.340000E-01 5.164552E-01 5.518563E-01 2.824768E+01 1.258965E-03
5300 0 2.000000E-02 5.000000E-02 737171431 53 4.892000E-01 4.506619E-01 5.275229E-01 1.301049E+01 5.910337E-03
5400 0 2.000000E-02 5.000000E-02 737171431 54 5.094000E-01 4.755955E-01 5.448954E-01 1.443002E+01 4.801325E-03
5500 0 2.000000E-02 5.000000E-02 737171431 55 5.535000E-01 5.108225E-01 5.976007E-01 1.152364E+01 7.615611E-03
5600 0 2.000000E-02 5.000000E-02 737171431 56 5.405000E-01 5.123211E-01 5.690419E-01 1.763024E+01 3.238356E-03
5700 0 2.000000E-02 5.000000E-02 737171431 57 4.537000E-01 4.259855E-01 4.811058E-01 1.814214E+01 3.064428E-03
5800 0 2.000000E-02 5.000000E-02 737171431 58 4.669000E-01 4.226430E-01 5.105242E-01 1.137900E+01 7.756697E-03
5900 0 2.000000E-02 5.000000E-02 737171431 59 4.697000E-01 4.529880E-01 4.865462E-01 2.979903E+01 1.130281E-03
6000 0 2.000000E-02 5.000000E-02 737171431 60 4.514000E-01 4.357816E-01 4.676039E-01 3.142451E+01 1.021971E-03
6100 0 2.000000E-02 5.000000E-02 737171431 61 4.937000E-01 4.615846E-01 5.257897E-01 1.557510E+01 4.122942E-03
6200 0 2.000000E-02 5.000000E-02 737171431 62 5.138000E-01 4.961985E-01 5.313874E-01 2.841800E+01 1.239207E-03
6300 0 2.000000E-02 5.000000E-02 737171431 63 5.181000E-01 4.805246E-01 5.561594E-01 1.322143E+01 5.727891E-03
6400 0 2.000000E-02 5.000000E-02 737171431 64 5.491000E-01 5.341374E-01 5.634299E-01 3.413838E+01 8.660040E-04
6500 0 2.000000E-02 5.000000E-02 737171431 65 5.789000E-01 5.539019E-01 6.036197E-01 2.011349E+01 2.534911E-03
6600 0 2.000000E-02 5.000000E-02 737171431 66 5.563000E-01 5.229746E-01 5.891227E-01 1.511760E+01 4.431499E-03
6700 0 2.000000E-02 5.000000E-02 737171431 67 6.612000E-01 6.378960E-01 6.838061E-01 2.178169E+01 2.351692E-03
6800 0 2.000000E-02 5.000000E-02 737171431 68 6.808000E-01 6.552695E-01 7.060461E-01 1.969410E+01 2.966004E-03
6900 0 2.000000E-02 5.000000E-02 737171431 69 7.044000E-01 6.956172E-01 7.130919E-01 5.722555E+01 3.666271E-04
7000 0 2.000000E-02 5.000000E-02 737171431 70 7.489000E-01 7.209901E-01 7.773737E-01 1.773564E+01 4.226027E-03
7100 0 2.000000E-02 5.000000E-02 737171431 71 7.582000E-01 7.403537E-01 7.758758E-01 2.815149E+01 1.720629E-03
7200 0 2.000000E-02 5.000000E-02 737171431 72 7.647000E-01 7.454012E-01 7.848671E-01 2.533833E+01 2.163021E-03
7300 0 2.000000E-02 5.000000E-02 737171431 73 8.011000E-01 7.655008E-01 8.371578E-01 1.395537E+01 8.055975E-03
7400 0 2.000000E-02 5.000000E-02 737171431 74 7.969000E-01 7.649165E-01 8.292438E-01 1.554550E+01 6.391507E-03
7500 0 2.000000E-02 5.000000E-02 737171431 75 7.741000E-01 7.605990E-01 7.883903E-01 3.598249E+01 1.103301E-03
7600 0 2.000000E-02 5.000000E-02 737171431 76 8.467000E-01 8.293328E-01 8.634933E-01 2.927356E+01 2.246957E-03
7700 0 2.000000E-02 5.000000E-02 737171431 77 8.927000E-01 8.887141E-01 8.968254E-01 1.232851E+02 1.716663E-04
7800 0 2.000000E-02 5.000000E-02 737171431 78 9.048000E-01 9.004711E-01 9.092947E-01 1.133324E+02 2.258855E-04
7900 0 2.000000E-02 5.000000E-02 737171431 79 9.502000E-01 9.534649E-01 9.469817E-01 1.542444E+02 2.220517E-04
8000 0 2.000000E-02 5.000000E-02 737171431 80 9.546000E-01 9.509531E-01 9.582998E-01 1.361170E+02 3.113261E-04
8100 0 2.000000E-02 5.000000E-02 737171431 81 9.798000E-01 9.761327E-01 9.833861E-01 1.378666E+02 6.644752E-04
8200 0 2.000000E-02 5.000000E-02 737171431 82 9.940000E-01 9.947749E-01 9.932325E-01 6.483253E+02 9.972554E-05
8300 0 2.000000E-02 5.000000E-02 737171431 83 9.874000E-01 9.846517E-01 9.902399E-01 1.789478E+02 6.273458E-04
8377 1 2.000000E-02 5.000000E-02 737171431 84 1.000000E+00 1.000000E+00 1.000000E+00 NaN NaN
